45081
106791
108399
245497
354872
376329
445077
489216
534918
654017
735582
779442
800567
844797
1040723
1058931
1095099
1257561
1302068
1460807
1467645
1474586
1536594
1544298
1787280
1819170
1873320
1968609
1969031
2134334
2234445
2286475
2316857
2527704
2619665
2757925
2761737
2768385
2826832
3179254
3217857
3276187
3395208
3417295
3582169
3604687
3612754
3775196
4078882
4220097
4223951
4225566
4440231
4448432
4504132
4551490
4680707
5043962
5070428
5215002
5279670
5288482
5299084
5315052
5347812
5393476
5407771
5414629
5614906
5670654
5746919
5844876
5845048
5897777
6000236
6034288
6171690
6199994
6242276
6337839
6471473
6525231
6571847
6672605
6743407
6772402
6802446
6834171
6848801
6935703
6978141
7064654
7219263
7308803
7333548
7546395
7722248
7804312
7869335
7887245
7932504
7996117
8121320
8214545
8236561
8292874
8641259
8693516
8785097
8885024
8932077
8978939
9157115
9218138
9263545
9280052
9297608
9304404
9711752
9744099
9883975
10187050
10188452
10197815
10250446
10387712
10413129
10531566
10563360
10673704
10695826
10707793
10714764
10728580
10863174